  1 0.033115 0.049457
  2 0.026686 0.037676
  3 0.037843 0.032836
  4 0.033108 0.027496
  5 0.030517 0.059021
  6 0.038400 0.053037
  7 0.040660 0.033436
  8 0.034042 0.036128
  9 0.028812 0.046168
 10 0.030586 0.035744
 11 0.036872 0.034181
 12 0.028668 0.031614
 13 0.032708 0.028349
 14 0.030636 0.057249
 15 0.029442 0.044475
 16 0.035706 0.024039
 17 0.036404 0.022987
 18 0.032933 0.045425
 19 0.031890 0.047540
 20 0.033398 0.040505
 21 0.034414 0.048137
 22 0.034619 0.028040
 23 0.039547 0.032951
 24 0.033780 0.057111
 25 0.041496 0.022021
 26 0.037243 0.030981
 27 0.033739 0.030508
 28 0.025855 0.048096
 29 0.038152 0.020289
 30 0.025899 0.082670
 31 0.026443 0.072664
 32 0.032523 0.036465
 33 0.027445 0.063855
 34 0.036368 0.050928
 35 0.028230 0.024761
 36 0.031586 0.032680
 37 0.033654 0.031178
 38 0.042416 0.069642
 39 0.040482 0.053977
 40 0.032914 0.052667
 41 0.034673 0.058245
 42 0.038254 0.032976
 43 0.033541 0.033746
 44 0.033753 0.035741
 45 0.031335 0.059181
 46 0.039573 0.071191
 47 0.031624 0.059469
 48 0.039846 0.029872
 49 0.028945 0.019234
 50 0.039485 0.040539
 51 0.034358 0.081626
 52 0.037118 0.055417
 53 0.037829 0.048190
 54 0.043316 0.041103
 55 0.041257 0.045007
 56 0.031249 0.031276
 57 0.030692 0.033971
 58 0.042811 0.050827
 59 0.034660 0.020216
 60 0.042376 0.068716
 61 0.028923 0.035621
 62 0.028282 0.036975
 63 0.027189 0.032579
 64 0.030241 0.062478
 65 0.034005 0.047734
 66 0.031713 0.045074
 67 0.031817 0.060063
 68 0.039760 0.069614
 69 0.027199 0.033678
 70 0.034738 0.061915
 71 0.034213 0.065266
 72 0.035601 0.029200
 73 0.033993 0.045496
 74 0.033577 0.023958
 75 0.035115 0.039669
 76 0.031062 0.024923
 77 0.035736 0.081647
 78 0.031820 0.026360
 79 0.028384 0.046196
 80 0.028323 0.034704
 81 0.030882 0.061763
 82 0.031076 0.016619
 83 0.031417 0.041006
 84 0.033781 0.076820
 85 0.029030 0.035594
 86 0.032785 0.047426
 87 0.036757 0.090759
 88 0.029447 0.036689
 89 0.034153 0.052554
 90 0.032378 0.021829
 91 0.040391 0.032322
 92 0.031877 0.032512
 93 0.033576 0.018185
 94 0.034539 0.079860
 95 0.035593 0.042482
 96 0.031522 0.031868
 97 0.034014 0.031751
 98 0.032502 0.031345
 99 0.029045 0.041562
100 0.033794 0.030918
